TEACACHE_COEFFICIENTS:
  WAN2.1:
    t2v_14B: [-303318.725, 49053.7029, -2655.30556, 58.7365115, -0.315583525]
    t2v_1.3B: [-52186.2437, 9230.41404, -528.275948, 13.6987616, -0.0499875664]
    i2v_480P: [257151.496, -35422.9917, 1402.86849, -13.5890334, 0.132517977]
    i2v_720P: [8107.0546, 2133.93892, -372.934672, 16.6203073, -0.0417769401]

DEFAULT_THRESHOLDS:
  t2v: 0.2
  i2v: 0.2
